[image_4.jpg]
filters=bw=1;finetune2=1,0.000000,0.199298,0.224561,00000000,0.000000;
moddate=1f74c4691968db01
width=1200
height=1600
textactive=0
